Pairs,NP,CG,GC,GU,UG,AU,UA,NN
NP,100000,100000,100000,100000,100000,100000,100000,100000
CG,100000,-1060,-1340,-1210,-560,-1050,-1040,-560
GC,100000,-1340,-1490,-1260,-830,-1140,-1240,-830
GU,100000,-1210,-1260,-1460,-1350,-880,-1280,-880
UG,100000,-560,-830,-1350,-930,-320,-700,-320
AU,100000,-1050,-1140,-880,-320,-940,-680,-320
UA,100000,-1040,-1240,-1280,-700,-680,-770,-680
NN,100000,-560,-830,-880,-320,-320,-680,-320
