Pairs,NP,CG,GC,GU,UG,AU,UA,NN
NP,100000,100000,100000,100000,100000,100000,100000,100000
CG,100000,-240,-330,-210,-140,-210,-210,-140
GC,100000,-330,-340,-250,-150,-220,-240,-150
GU,100000,-210,-250,130,-50,-140,-130,130
UG,100000,-140,-150,-50,30,-60,-100,30
AU,100000,-210,-220,-140,-60,-110,-90,-60
UA,100000,-210,-240,-130,-100,-90,-130,-90
NN,100000,-140,-150,130,30,-60,-90,130
